2026-09-16T07:15:17.867428+00:00
    PID    PPID ELAPSED     TIME %CPU %MEM COMMAND
 355689  342649       7 00:00:28  362  0.4 LOSAT
 308107    1002    3006 00:02:55  5.8  0.0 git
    989     702   18875 00:05:58  1.9  1.8 MainThread
   1002     702   18875 00:05:44  1.8  1.9 MainThread
   1059     989   18873 00:02:21  0.7  2.1 codex
   1060    1002   18873 00:01:42  0.5  2.0 codex
    976     702   18876 00:00:44  0.2  0.7 MainThread
 341222    1002     821 00:00:01  0.1  0.6 agy
    702     698   18877 00:00:17  0.0  0.6 MainThread
    968     967   18876 00:00:10  0.0  0.2 MainThread
    953     702   18876 00:00:09  0.0  0.4 MainThread
    946     945   18876 00:00:08  0.0  0.2 MainThread
 355547  352611      23 00:00:00  0.0  0.0 python
    919     702   18876 00:00:05  0.0  0.2 MainThread
    967     966   18876 00:00:04  0.0  0.0 Relay(968)
 352611    1060     209 00:00:00  0.0  0.0 python
    945     943   18876 00:00:03  0.0  0.0 Relay(946)
    270       1   18879 00:00:03  0.0  0.1 containerd
 316119  316033    2234 00:00:00  0.0  0.0 ssh
   5517    1059   18592 00:00:02  0.0  0.0 codex-code-mode
    889     888   18876 00:00:02  0.0  0.2 MainThread
    875     874   18876 00:00:02  0.0  0.2 MainThread
 342649  341549     726 00:00:00  0.0  0.0 run_comparison.
   3616    1060   18833 00:00:01  0.0  0.0 codex-code-mode
    329       1   18878 00:00:01  0.0  0.2 dockerd
    127       1   18881 00:00:01  0.0  0.0 snapfuse
   1028     953   18874 00:00:01  0.0  0.9 MainThread
 343365    1059     679 00:00:00  0.0  0.1 node-MainThread
 293104     989    4560 00:00:00  0.0  0.2 MainThread
     51       1   18881 00:00:01  0.0  0.0 systemd-journal
    248       1   18879 00:00:00  0.0  0.1 snapd
   1294    1002   18872 00:00:00  0.0  0.2 MainThread
      1       0   18885 00:00:00  0.0  0.0 systemd
    874     873   18876 00:00:00  0.0  0.0 Relay(875)
    888     887   18876 00:00:00  0.0  0.0 Relay(889)
 341549  341545     794 00:00:00  0.0  0.0 bash
    266       1   18879 00:00:00  0.0  0.0 rsyslogd
    242       1   18879 00:00:00  0.0  0.0 dbus-daemon
 307658    1060    3015 00:00:00  0.0  0.1 node-MainThread
 316026  316025    2240 00:00:00  0.0  0.0 Relay(316033)
  31246    1059   16971 00:00:00  0.0  0.1 node-MainThread
    234       1   18879 00:00:00  0.0  0.0 systemd-timesyn
     93       1   18881 00:00:00  0.0  0.0 systemd-udevd
    252       1   18879 00:00:00  0.0  0.0 wsl-pro-service
   2198    1059   18863 00:00:00  0.0  0.1 node-MainThread
   2818    1060   18854 00:00:00  0.0  0.1 node-MainThread
 316033  316026    2240 00:00:00  0.0  0.0 bash
    249       1   18879 00:00:00  0.0  0.0 systemd-logind
    230       1   18879 00:00:00  0.0  0.0 systemd-resolve
    825       1   18876 00:00:00  0.0  0.0 systemd
    281       1   18879 00:00:00  0.0  0.0 unattended-upgr
    838     670   18876 00:00:00  0.0  0.0 bash
    241       1   18879 00:00:00  0.0  0.0 cron
      2       1   18885 00:00:00  0.0  0.0 init-systemd(Ub
      6       2   18884 00:00:00  0.0  0.0 init
    108       1   18881 00:00:00  0.0  0.0 snapfuse
    109       1   18881 00:00:00  0.0  0.0 snapfuse
    115       1   18881 00:00:00  0.0  0.0 snapfuse
    120       1   18881 00:00:00  0.0  0.0 snapfuse
    124       1   18881 00:00:00  0.0  0.0 snapfuse
    257       1   18879 00:00:00  0.0  0.0 agetty
    264       1   18879 00:00:00  0.0  0.0 agetty
    670       2   18877 00:00:00  0.0  0.0 login
    689       2   18877 00:00:00  0.0  0.0 SessionLeader
    690     689   18877 00:00:00  0.0  0.0 Relay(691)
    691     690   18877 00:00:00  0.0  0.0 sh
    692     691   18877 00:00:00  0.0  0.0 sh
    698     692   18877 00:00:00  0.0  0.0 sh
    826     825   18876 00:00:00  0.0  0.0 (sd-pam)
    873       2   18876 00:00:00  0.0  0.0 SessionLeader
    887       2   18876 00:00:00  0.0  0.0 SessionLeader
    943       2   18876 00:00:00  0.0  0.0 SessionLeader
    966       2   18876 00:00:00  0.0  0.0 SessionLeader
 316025       2    2240 00:00:00  0.0  0.0 SessionLeader
 341544       2     794 00:00:00  0.0  0.0 SessionLeader
 341545  341544     794 00:00:00  0.0  0.0 Relay(341549)
 355734      93       1 00:00:00  0.0  0.0 (udev-worker)
 355735      93       1 00:00:00  0.0  0.0 (udev-worker)
 355755  355547       0 00:00:00  0.0  0.0 ps
