2026-09-16T07:16:44.380212+00:00
    PID    PPID ELAPSED     TIME %CPU %MEM COMMAND
 356164  342649      39 00:00:43  109  0.5 node-MainThread
 308107    1002    3086 00:03:02  5.9  0.1 git
    989     702   18956 00:06:00  1.9  1.8 MainThread
   1002     702   18955 00:05:45  1.8  1.9 MainThread
   1059     989   18953 00:02:21  0.7  2.1 codex
   1060    1002   18953 00:01:42  0.5  1.9 codex
    976     702   18956 00:00:44  0.2  0.7 MainThread
 341222    1002     901 00:00:01  0.1  0.6 agy
    702     698   18957 00:00:17  0.0  0.6 MainThread
    968     967   18956 00:00:10  0.0  0.2 MainThread
    953     702   18956 00:00:09  0.0  0.4 MainThread
    946     945   18956 00:00:08  0.0  0.2 MainThread
    919     702   18956 00:00:05  0.0  0.2 MainThread
    967     966   18956 00:00:04  0.0  0.0 Relay(968)
    945     943   18956 00:00:03  0.0  0.0 Relay(946)
    270       1   18959 00:00:03  0.0  0.1 containerd
 316119  316033    2314 00:00:00  0.0  0.0 ssh
   5517    1059   18672 00:00:02  0.0  0.0 codex-code-mode
 352611    1060     289 00:00:00  0.0  0.0 python
    889     888   18956 00:00:02  0.0  0.2 MainThread
    875     874   18956 00:00:02  0.0  0.2 MainThread
 342649  341549     807 00:00:00  0.0  0.0 run_comparison.
   3616    1060   18914 00:00:02  0.0  0.0 codex-code-mode
 355547  352611     104 00:00:00  0.0  0.0 python
    329       1   18959 00:00:01  0.0  0.2 dockerd
    127       1   18961 00:00:01  0.0  0.0 snapfuse
   1028     953   18954 00:00:01  0.0  0.9 MainThread
 293104     989    4640 00:00:00  0.0  0.2 MainThread
     51       1   18961 00:00:01  0.0  0.0 systemd-journal
 343365    1059     759 00:00:00  0.0  0.1 node-MainThread
    248       1   18959 00:00:00  0.0  0.1 snapd
   1294    1002   18952 00:00:00  0.0  0.2 MainThread
      1       0   18965 00:00:00  0.0  0.0 systemd
    874     873   18956 00:00:00  0.0  0.0 Relay(875)
    888     887   18956 00:00:00  0.0  0.0 Relay(889)
    266       1   18959 00:00:00  0.0  0.0 rsyslogd
 341549  341545     874 00:00:00  0.0  0.0 bash
    242       1   18959 00:00:00  0.0  0.0 dbus-daemon
 307658    1060    3095 00:00:00  0.0  0.1 node-MainThread
 316026  316025    2320 00:00:00  0.0  0.0 Relay(316033)
  31246    1059   17051 00:00:00  0.0  0.1 node-MainThread
    234       1   18959 00:00:00  0.0  0.0 systemd-timesyn
     93       1   18961 00:00:00  0.0  0.0 systemd-udevd
    252       1   18959 00:00:00  0.0  0.0 wsl-pro-service
   2198    1059   18943 00:00:00  0.0  0.1 node-MainThread
   2818    1060   18934 00:00:00  0.0  0.1 node-MainThread
 316033  316026    2320 00:00:00  0.0  0.0 bash
    249       1   18959 00:00:00  0.0  0.0 systemd-logind
    230       1   18959 00:00:00  0.0  0.0 systemd-resolve
    825       1   18957 00:00:00  0.0  0.0 systemd
    281       1   18959 00:00:00  0.0  0.0 unattended-upgr
    838     670   18956 00:00:00  0.0  0.0 bash
    241       1   18959 00:00:00  0.0  0.0 cron
      2       1   18965 00:00:00  0.0  0.0 init-systemd(Ub
      6       2   18964 00:00:00  0.0  0.0 init
    108       1   18961 00:00:00  0.0  0.0 snapfuse
    109       1   18961 00:00:00  0.0  0.0 snapfuse
    115       1   18961 00:00:00  0.0  0.0 snapfuse
    120       1   18961 00:00:00  0.0  0.0 snapfuse
    124       1   18961 00:00:00  0.0  0.0 snapfuse
    257       1   18959 00:00:00  0.0  0.0 agetty
    264       1   18959 00:00:00  0.0  0.0 agetty
    670       2   18957 00:00:00  0.0  0.0 login
    689       2   18957 00:00:00  0.0  0.0 SessionLeader
    690     689   18957 00:00:00  0.0  0.0 Relay(691)
    691     690   18957 00:00:00  0.0  0.0 sh
    692     691   18957 00:00:00  0.0  0.0 sh
    698     692   18957 00:00:00  0.0  0.0 sh
    826     825   18956 00:00:00  0.0  0.0 (sd-pam)
    873       2   18956 00:00:00  0.0  0.0 SessionLeader
    887       2   18956 00:00:00  0.0  0.0 SessionLeader
    943       2   18956 00:00:00  0.0  0.0 SessionLeader
    966       2   18956 00:00:00  0.0  0.0 SessionLeader
 316025       2    2320 00:00:00  0.0  0.0 SessionLeader
 341544       2     874 00:00:00  0.0  0.0 SessionLeader
 341545  341544     874 00:00:00  0.0  0.0 Relay(341549)
 356504  355547       0 00:00:00  0.0  0.0 ps
