2026-09-16T07:18:43.315090+00:00
    PID    PPID ELAPSED     TIME %CPU %MEM COMMAND
 356164  342649     148 00:02:43  109  0.6 node-MainThread
    989     702   19065 00:06:02  1.8  1.8 MainThread
   1002     702   19065 00:05:47  1.8  1.9 MainThread
   1059     989   19063 00:02:21  0.7  2.1 codex
   1060    1002   19063 00:01:43  0.5  1.9 codex
    976     702   19065 00:00:44  0.2  0.7 MainThread
 341222    1002    1010 00:00:01  0.1  0.6 agy
    702     698   19066 00:00:17  0.0  0.6 MainThread
    968     967   19065 00:00:10  0.0  0.2 MainThread
    953     702   19065 00:00:09  0.0  0.4 MainThread
    946     945   19065 00:00:08  0.0  0.2 MainThread
    919     702   19065 00:00:05  0.0  0.2 MainThread
    967     966   19065 00:00:04  0.0  0.0 Relay(968)
    945     943   19065 00:00:03  0.0  0.0 Relay(946)
    270       1   19069 00:00:03  0.0  0.1 containerd
   5517    1059   18782 00:00:02  0.0  0.0 codex-code-mode
 316119  316033    2424 00:00:00  0.0  0.0 ssh
    889     888   19066 00:00:02  0.0  0.2 MainThread
    875     874   19066 00:00:02  0.0  0.2 MainThread
   3616    1060   19023 00:00:02  0.0  0.0 codex-code-mode
 352611    1060     398 00:00:00  0.0  0.0 python
 342649  341549     916 00:00:00  0.0  0.0 run_comparison.
    329       1   19068 00:00:01  0.0  0.2 dockerd
    127       1   19071 00:00:01  0.0  0.0 snapfuse
   1028     953   19064 00:00:01  0.0  0.9 MainThread
 293104     989    4750 00:00:00  0.0  0.2 MainThread
     51       1   19071 00:00:01  0.0  0.0 systemd-journal
    248       1   19069 00:00:00  0.0  0.1 snapd
 355547  352611     213 00:00:00  0.0  0.0 python
 343365    1059     868 00:00:00  0.0  0.1 node-MainThread
   1294    1002   19062 00:00:00  0.0  0.2 MainThread
      1       0   19074 00:00:00  0.0  0.0 systemd
    874     873   19066 00:00:00  0.0  0.0 Relay(875)
    888     887   19066 00:00:00  0.0  0.0 Relay(889)
    266       1   19069 00:00:00  0.0  0.0 rsyslogd
    242       1   19069 00:00:00  0.0  0.0 dbus-daemon
 341549  341545     984 00:00:00  0.0  0.0 bash
 307658    1060    3205 00:00:00  0.0  0.1 node-MainThread
 316026  316025    2429 00:00:00  0.0  0.0 Relay(316033)
     93       1   19071 00:00:00  0.0  0.0 systemd-udevd
  31246    1059   17161 00:00:00  0.0  0.1 node-MainThread
    234       1   19069 00:00:00  0.0  0.0 systemd-timesyn
    252       1   19069 00:00:00  0.0  0.0 wsl-pro-service
   2198    1059   19053 00:00:00  0.0  0.1 node-MainThread
   2818    1060   19044 00:00:00  0.0  0.1 node-MainThread
 316033  316026    2429 00:00:00  0.0  0.0 bash
    249       1   19069 00:00:00  0.0  0.0 systemd-logind
    230       1   19069 00:00:00  0.0  0.0 systemd-resolve
    825       1   19066 00:00:00  0.0  0.0 systemd
    281       1   19069 00:00:00  0.0  0.0 unattended-upgr
    838     670   19066 00:00:00  0.0  0.0 bash
    241       1   19069 00:00:00  0.0  0.0 cron
      2       1   19074 00:00:00  0.0  0.0 init-systemd(Ub
      6       2   19074 00:00:00  0.0  0.0 init
    108       1   19071 00:00:00  0.0  0.0 snapfuse
    109       1   19071 00:00:00  0.0  0.0 snapfuse
    115       1   19071 00:00:00  0.0  0.0 snapfuse
    120       1   19071 00:00:00  0.0  0.0 snapfuse
    124       1   19071 00:00:00  0.0  0.0 snapfuse
    257       1   19069 00:00:00  0.0  0.0 agetty
    264       1   19069 00:00:00  0.0  0.0 agetty
    670       2   19066 00:00:00  0.0  0.0 login
    689       2   19066 00:00:00  0.0  0.0 SessionLeader
    690     689   19066 00:00:00  0.0  0.0 Relay(691)
    691     690   19066 00:00:00  0.0  0.0 sh
    692     691   19066 00:00:00  0.0  0.0 sh
    698     692   19066 00:00:00  0.0  0.0 sh
    826     825   19066 00:00:00  0.0  0.0 (sd-pam)
    873       2   19066 00:00:00  0.0  0.0 SessionLeader
    887       2   19066 00:00:00  0.0  0.0 SessionLeader
    943       2   19065 00:00:00  0.0  0.0 SessionLeader
    966       2   19065 00:00:00  0.0  0.0 SessionLeader
 316025       2    2429 00:00:00  0.0  0.0 SessionLeader
 341544       2     984 00:00:00  0.0  0.0 SessionLeader
 341545  341544     984 00:00:00  0.0  0.0 Relay(341549)
 357324      93       2 00:00:00  0.0  0.0 (udev-worker)
 357325      93       2 00:00:00  0.0  0.0 (udev-worker)
 357350  355547       0 00:00:00  0.0  0.0 ps
