2026-09-16T07:20:36.451044+00:00
    PID    PPID ELAPSED     TIME %CPU %MEM COMMAND
 357795  342649      46 00:00:50  109  0.5 tblastx
    989     702   19166 00:06:03  1.8  1.8 MainThread
   1002     702   19166 00:05:49  1.8  1.9 MainThread
   1059     989   19164 00:02:22  0.7  2.1 codex
   1060    1002   19164 00:01:43  0.5  1.9 codex
    976     702   19166 00:00:44  0.2  0.7 MainThread
 341222    1002    1111 00:00:01  0.1  0.6 agy
    702     698   19167 00:00:17  0.0  0.6 MainThread
    968     967   19166 00:00:10  0.0  0.2 MainThread
    953     702   19166 00:00:09  0.0  0.4 MainThread
    946     945   19166 00:00:08  0.0  0.2 MainThread
    919     702   19166 00:00:05  0.0  0.2 MainThread
    967     966   19166 00:00:04  0.0  0.0 Relay(968)
    945     943   19166 00:00:03  0.0  0.0 Relay(946)
    270       1   19169 00:00:03  0.0  0.1 containerd
   5517    1059   18883 00:00:02  0.0  0.0 codex-code-mode
 316119  316033    2525 00:00:00  0.0  0.0 ssh
    889     888   19166 00:00:02  0.0  0.2 MainThread
    875     874   19167 00:00:02  0.0  0.2 MainThread
   3616    1060   19124 00:00:02  0.0  0.0 codex-code-mode
 342649  341549    1017 00:00:00  0.0  0.0 run_comparison.
    329       1   19169 00:00:01  0.0  0.2 dockerd
    127       1   19172 00:00:01  0.0  0.0 snapfuse
 352611    1060     499 00:00:00  0.0  0.0 python
   1028     953   19165 00:00:01  0.0  0.9 MainThread
 293104     989    4851 00:00:00  0.0  0.2 MainThread
     51       1   19172 00:00:01  0.0  0.0 systemd-journal
    248       1   19170 00:00:00  0.0  0.1 snapd
 343365    1059     969 00:00:00  0.0  0.1 node-MainThread
   1294    1002   19163 00:00:00  0.0  0.2 MainThread
      1       0   19175 00:00:00  0.0  0.0 systemd
    874     873   19167 00:00:00  0.0  0.0 Relay(875)
    888     887   19166 00:00:00  0.0  0.0 Relay(889)
 355547  352611     314 00:00:00  0.0  0.0 python
    266       1   19170 00:00:00  0.0  0.0 rsyslogd
    242       1   19170 00:00:00  0.0  0.0 dbus-daemon
 341549  341545    1085 00:00:00  0.0  0.0 bash
 307658    1060    3306 00:00:00  0.0  0.1 node-MainThread
 316026  316025    2530 00:00:00  0.0  0.0 Relay(316033)
     93       1   19172 00:00:00  0.0  0.0 systemd-udevd
  31246    1059   17262 00:00:00  0.0  0.1 node-MainThread
    234       1   19170 00:00:00  0.0  0.0 systemd-timesyn
    252       1   19170 00:00:00  0.0  0.0 wsl-pro-service
   2198    1059   19154 00:00:00  0.0  0.1 node-MainThread
   2818    1060   19145 00:00:00  0.0  0.1 node-MainThread
 316033  316026    2530 00:00:00  0.0  0.0 bash
    249       1   19170 00:00:00  0.0  0.0 systemd-logind
    230       1   19170 00:00:00  0.0  0.0 systemd-resolve
    825       1   19167 00:00:00  0.0  0.0 systemd
    281       1   19169 00:00:00  0.0  0.0 unattended-upgr
    838     670   19167 00:00:00  0.0  0.0 bash
    241       1   19170 00:00:00  0.0  0.0 cron
      2       1   19175 00:00:00  0.0  0.0 init-systemd(Ub
      6       2   19175 00:00:00  0.0  0.0 init
    108       1   19172 00:00:00  0.0  0.0 snapfuse
    109       1   19172 00:00:00  0.0  0.0 snapfuse
    115       1   19172 00:00:00  0.0  0.0 snapfuse
    120       1   19172 00:00:00  0.0  0.0 snapfuse
    124       1   19172 00:00:00  0.0  0.0 snapfuse
    257       1   19170 00:00:00  0.0  0.0 agetty
    264       1   19170 00:00:00  0.0  0.0 agetty
    670       2   19167 00:00:00  0.0  0.0 login
    689       2   19167 00:00:00  0.0  0.0 SessionLeader
    690     689   19167 00:00:00  0.0  0.0 Relay(691)
    691     690   19167 00:00:00  0.0  0.0 sh
    692     691   19167 00:00:00  0.0  0.0 sh
    698     692   19167 00:00:00  0.0  0.0 sh
    826     825   19167 00:00:00  0.0  0.0 (sd-pam)
    873       2   19167 00:00:00  0.0  0.0 SessionLeader
    887       2   19166 00:00:00  0.0  0.0 SessionLeader
    943       2   19166 00:00:00  0.0  0.0 SessionLeader
    966       2   19166 00:00:00  0.0  0.0 SessionLeader
 316025       2    2530 00:00:00  0.0  0.0 SessionLeader
 341544       2    1085 00:00:00  0.0  0.0 SessionLeader
 341545  341544    1085 00:00:00  0.0  0.0 Relay(341549)
 358085      93       2 00:00:00  0.0  0.0 (udev-worker)
 358086      93       2 00:00:00  0.0  0.0 (udev-worker)
 358100  355547       0 00:00:00  0.0  0.0 ps
