2026-09-16T07:15:56.934066+00:00
    PID    PPID ELAPSED     TIME %CPU %MEM COMMAND
 355689  342649      43 00:02:59  411  0.4 LOSAT
 308107    1002    3042 00:02:58  5.8  0.8 git
    989     702   18911 00:05:59  1.9  1.8 MainThread
   1002     702   18911 00:05:45  1.8  1.9 MainThread
   1059     989   18909 00:02:21  0.7  2.1 codex
   1060    1002   18909 00:01:42  0.5  1.9 codex
    976     702   18911 00:00:44  0.2  0.7 MainThread
 341222    1002     857 00:00:01  0.1  0.6 agy
    702     698   18912 00:00:17  0.0  0.6 MainThread
    968     967   18911 00:00:10  0.0  0.2 MainThread
    953     702   18912 00:00:09  0.0  0.4 MainThread
    946     945   18912 00:00:08  0.0  0.2 MainThread
    919     702   18912 00:00:05  0.0  0.2 MainThread
    967     966   18911 00:00:04  0.0  0.0 Relay(968)
    945     943   18912 00:00:03  0.0  0.0 Relay(946)
 355547  352611      59 00:00:00  0.0  0.0 python
    270       1   18915 00:00:03  0.0  0.1 containerd
 352611    1060     244 00:00:00  0.0  0.0 python
 316119  316033    2270 00:00:00  0.0  0.0 ssh
   5517    1059   18628 00:00:02  0.0  0.0 codex-code-mode
    889     888   18912 00:00:02  0.0  0.2 MainThread
    875     874   18912 00:00:02  0.0  0.2 MainThread
 342649  341549     762 00:00:00  0.0  0.0 run_comparison.
   3616    1060   18869 00:00:02  0.0  0.0 codex-code-mode
    329       1   18914 00:00:01  0.0  0.2 dockerd
    127       1   18917 00:00:01  0.0  0.0 snapfuse
   1028     953   18910 00:00:01  0.0  0.9 MainThread
 293104     989    4596 00:00:00  0.0  0.2 MainThread
 343365    1059     715 00:00:00  0.0  0.1 node-MainThread
     51       1   18917 00:00:01  0.0  0.0 systemd-journal
    248       1   18915 00:00:00  0.0  0.1 snapd
   1294    1002   18908 00:00:00  0.0  0.2 MainThread
      1       0   18921 00:00:00  0.0  0.0 systemd
    874     873   18912 00:00:00  0.0  0.0 Relay(875)
    888     887   18912 00:00:00  0.0  0.0 Relay(889)
    266       1   18915 00:00:00  0.0  0.0 rsyslogd
 341549  341545     830 00:00:00  0.0  0.0 bash
    242       1   18915 00:00:00  0.0  0.0 dbus-daemon
 307658    1060    3051 00:00:00  0.0  0.1 node-MainThread
 316026  316025    2275 00:00:00  0.0  0.0 Relay(316033)
  31246    1059   17007 00:00:00  0.0  0.1 node-MainThread
    234       1   18915 00:00:00  0.0  0.0 systemd-timesyn
     93       1   18917 00:00:00  0.0  0.0 systemd-udevd
    252       1   18915 00:00:00  0.0  0.0 wsl-pro-service
   2198    1059   18899 00:00:00  0.0  0.1 node-MainThread
   2818    1060   18890 00:00:00  0.0  0.1 node-MainThread
 316033  316026    2275 00:00:00  0.0  0.0 bash
    249       1   18915 00:00:00  0.0  0.0 systemd-logind
    230       1   18915 00:00:00  0.0  0.0 systemd-resolve
    825       1   18912 00:00:00  0.0  0.0 systemd
    281       1   18915 00:00:00  0.0  0.0 unattended-upgr
    838     670   18912 00:00:00  0.0  0.0 bash
    241       1   18915 00:00:00  0.0  0.0 cron
      2       1   18920 00:00:00  0.0  0.0 init-systemd(Ub
      6       2   18920 00:00:00  0.0  0.0 init
    108       1   18917 00:00:00  0.0  0.0 snapfuse
    109       1   18917 00:00:00  0.0  0.0 snapfuse
    115       1   18917 00:00:00  0.0  0.0 snapfuse
    120       1   18917 00:00:00  0.0  0.0 snapfuse
    124       1   18917 00:00:00  0.0  0.0 snapfuse
    257       1   18915 00:00:00  0.0  0.0 agetty
    264       1   18915 00:00:00  0.0  0.0 agetty
    670       2   18913 00:00:00  0.0  0.0 login
    689       2   18912 00:00:00  0.0  0.0 SessionLeader
    690     689   18912 00:00:00  0.0  0.0 Relay(691)
    691     690   18912 00:00:00  0.0  0.0 sh
    692     691   18912 00:00:00  0.0  0.0 sh
    698     692   18912 00:00:00  0.0  0.0 sh
    826     825   18912 00:00:00  0.0  0.0 (sd-pam)
    873       2   18912 00:00:00  0.0  0.0 SessionLeader
    887       2   18912 00:00:00  0.0  0.0 SessionLeader
    943       2   18912 00:00:00  0.0  0.0 SessionLeader
    966       2   18911 00:00:00  0.0  0.0 SessionLeader
 316025       2    2275 00:00:00  0.0  0.0 SessionLeader
 341544       2     830 00:00:00  0.0  0.0 SessionLeader
 341545  341544     830 00:00:00  0.0  0.0 Relay(341549)
 356065      93       1 00:00:00  0.0  0.0 (udev-worker)
 356066      93       1 00:00:00  0.0  0.0 (udev-worker)
 356080  355547       0 00:00:00  0.0  0.0 ps
